t1 = 11  1  3  5  7  9  11  1  3  5  7  9
     2   4  6  8  10 0  2   4  6  8  10 0
     5   7  9  11 1  3  5   7  9  11 1  3
     8   10 0  2  4  6  8   10 0  2  4  6


t2 = 11  1  3  5  7  9  5  7  9  11  1  3
     2   4  6  8  10 0  8  10 0  2   4  6
     5   7  9  11 1  3  11 1  3  5   7  9
     8   10 0  2  4  6  2  4  6  8   10 0

t3 = 2   4  6  8  10 0  2  4  6  8   10 0 
     5   7  9  11 1  3  5  7  9  11  1  3
     8   10 0  2  4  6  8  10 0  2   4  6
     11  1  3  5  7  9  11 1  3  5   7  9

t4 = 0   0  0  0  0  0  0  0  0  0   0  0
     1   1  1  1  1  1  1  1  1  1   1  1
     2   2  2  2  2  2  2  2  2  2   2  2
     3   3  3  3  3  3  3  3  3  3   3  3

t5 = 3   1  3  1  3  1  3  1  3  1   3  1
     0   2  0  2  0  2  0  2  0  2   0  2
     1   3  1  3  1  3  1  3  1  3   1  3
     2   0  2  0  2  0  2  0  2  0   2  0    
